wm1: 0.01
ts1: 0.5
ts2: 0.3
dim: 10
epsino: 0.1
regular coefficient: 5
0	0	0	0	0	0.166667	0.166667	0.166667	0.166667	0.166667	0.166667	

